$ANSIBLE_VAULT;1.1;AES256
30626131363061393665306265346163336161346565303361383263633462653236623432386462
3435393135653364623938373764636435323561613635310a663637343332373764633230363234
34643538373635336138346235383835383438613561666139336463323139353432613865303265
3865376463323962660a336334363138353466323835313337656530376664313236386632366361
36333530393833636666303432383639383263306562653537383863383163633432393262303665
63323935613535313363623331383636303562343438313364343561393230363237646233333563
61306234633732363666353136323536376665306663303964316632383066313664343061373361
37663835353531343566376636626237336166363734396362383736366438613534356637343965
65306562666530303836303532346333623063616235653132393866646534343764613162666161
36303265623061306638376361643837663739313366653532303035646165306334313032393465
33653065333861396438626634313235306337393833323234343766343430383037653035643261
63626135313435626431376162363436333836626164623535316464366138383661633163373037
66376532386366383639306364386139306365343134666233613338666166313338306334336431
65363039643031306164643434613965356231343133616361633530373635353362373934383636
37663430666234386330376136363435616630643235333761663733346631623030323138393934
65643132373461326130313863646331616139636566306637346362316237353064633332623662
36323862616365363263633432303735386665313565666562346533656366623934353832303362
66313563656533366361336134623063303635646233613038613237333264336433616637623630
33383733383565376230366431343834343165366166643963303361306230623165313164616634
63643263636164396161626366323634633766393033323636376663323262633037616533643961
36363233306230663630353134646234613139353434383362633839623364636639363832333364
31353432643338303832356537353962643566653239373237653664626136313463333766613039
66623261376432646135346161343139656133383436646538326633303539643330383962313234
36666132643865356538656537616165366231333835623061656263336130393631363031373365
35656262613032376161663036636432373135656262323031613030653930306266633932323139
34376233383139356364666139356538376165386264343538663238383266636463666235646162
64353463383462316137396465333962626662376136613736326165393033313738346238303632
35366139626238343362
