$ANSIBLE_VAULT;1.1;AES256
35613463646238633763393434326234663736303338666438343132336339633533616432366430
6535326564663863326336646537376165336237626536640a383031346434623565643962316531
61623865656133336130326635363534653337643837303462303765653230353833653737363135
3133386535623637360a323463653133383465646462393764326561656639643739366362303836
62363033653534353532623762636663653437376233386663306362346338333664323938633932
35363032333239646539383936346162323366653739363763616236623562303238613336633636
36306532366530323063656261313833636562653033393638646637363434626166623738366165
65363037653531346666656639656636373038333437616361653230366334646534613339306630
30313730396563306132613063326466633161303464323363396530313036663263333061623738
66636230383361313035636335376562623430323631633535333165643334336333313866383130
66373934313733353365623030643238313331663837393937656638333362383965316531343030
30396661643166323163353332333363336638643332303034613264303937626162303232636232
35333663363631333935393937333836393032643766653333333932323131356335316433316335
35353162326230653865356435653562646338633732356261343865383565663061313037376339
39646135623732643834383262613035383632636438313564373332396330343239346236313934
65343831303237646461643663363762393634643765346139643338646237653761353665306230
39323936323661626237316431646134653866376130393432313032373462393738386632353864
65396661326131346663303637333937346465333765323066343865333537663735643736366232
65633066633631306237613538316164616339626164663239636434623239646565656230323863
35316630633565383261313262613661646364393437653135323461396530356237336533633033
66393363616364646361636565376433343664356663316466376635363233366135313961633836
35333031383537663237653731396639616234386664363163646565333930383362313130353864
63373632613866376630656532306363393337643635393530653265363764336138373036376463
36636330336463616637356336643462303361343938343535363931366565613465353636316561
32393166363138646439386535373833356237313265376462666662616333623838353064613132
3335613661666436303433363232396230663737643965633630
