$ANSIBLE_VAULT;1.1;AES256
33323837333165333433643830386334613061636631303638663130313132356632326465666230
3437393963303030333236623937343566343865653538380a336561636561636666623739646234
30353266666538366132663161303462613633663032393334646135663163616266316363623935
6466323262313031610a616366393966303936313532336234316139336331336639343863666462
38383864303430303030313464376238366233363136326336616430643363653333383438646238
30663030313632373535356262306636393433626233383662396539646461333833666234353762
61393033646364313231643130616231343765346436623562626134323636626638373266663235
63623738643430613533356230303937616137323835616562346637643461336261656666396438
34306565336365343365303131633737376437353532376262396564363039396364346137626664
65383334346564393234393239376231343363626238626239343336336634313665313237323135
35656562363363376534346233313537376434656238333332626435653063396337613038623830
34613663363233303331343863663734666465363838633032656264393665623833303730643632
32636230346532643133376134356561643132306661636137356138333237643036633237653031
37616333336462396231333937356463376561663234356137636534613464343935333431326663
35623761313462656632336631396236303632383539343633316162313565626334353466336433
62396264396538653662303930393866323863386262636632623938626238626139323664363133
35623536633561336439653832623264336364353437333663373135353432383661336261376330
39373435343931333464326539323034393035303934656563333434376638323232663937373133
36356231333031656361386462353735623164613937313537646435336163343134313066323437
36643464653161636632356662626561326534346430393161333361306130623433393233623731
62396231336439356136633433343766666233326562303530323131383334366134373162346236
36323737303932343931396561633339363065376536613464363737333338346534663732616562
64666462616139343138313362393138653265386338383632346461313861363064343638313236
63623765373239353766653261636233393733653337386233303865353463316338323039623436
30383365626538396162643433646630623966363263356433336564306338623263313666383432
37343732666534306634383361326338336330343462626536643063356338653137613033346234
36636631623266313430616530376634383262616431656361346365396138303161363738323264
65633337373731623139
