$ANSIBLE_VAULT;1.1;AES256
36663132643035333331336536396665306666306237363630663166326534353432383533643062
6436386638626532363333373263336137663033363834300a623930663461663662333835303161
32396238316164373234623561333261313661346135353338313765613337313131336633346433
3961363264336466610a353836623461366262366463623730643739643236383038353036396135
62633531313536666330356464366163653964303531393639343261363231383661326531653333
35663935313062393432393062356662656633386462303138393563303165663737336630333633
39633337323937383533613862316432613361616431666262343762313865313030616337363364
38343766383132366164666236623665616432663234393437396165366433633965363234356637
35353338316337316266623930643136613934333331306534643964666263353062633030666135
64636536393361313166643566343936353566626430653435383663643934626433316631353434
38303434373765356437376335646465343732343930626233636262613533373431376133646333
35393431373336613639323061326131376238656332343764333639393331356139353537313963
64383964323761663637633166373362363962323863303636383364306235323736636439636262
34333966303339653833363339396664336534386266613636643239633939646234643362303737
61306262396137373331633930316566613365643732623630313534613266663838383030376265
61313738613634633733666138346436646132313833633037363332323164646230623363666163
37613836613732343838306662366135623132383235303938666234363439373730376263653664
33386239613730333539336261643766336564383230383134333737323831646436326233393230
64333831323464656365383035626337383835313662653537343062653333653162623539346136
38633263643538633334333537646665666338346262393034333036356639316662363237303236
33653132636662393734376332646234303234643362376539356535633065353531663364393537
32653035666538356333613661346638383866663964383162653236373834353563373936326166
36376636663731633832366235323732366533393939363863306632306631346531383936383230
65316364306132323565643832663330653037363337373936313562386631636137666437306431
32643631343830646266383230633631646431303564353831393962353130663066393064346230
39396164366135393064366261386132393638373632653462316632313739643230336236323931
30396437643561376531346563356336343336356435356163303838636464386239363561393263
37303037663464373733
