$ANSIBLE_VAULT;1.1;AES256
65346330363135653132356635373264316566653831623863653834316630613663613261633033
3739316433356334613765383762396464626233373938380a373833323834666234613564626562
39326434633962306364323633313536343066616263303437666463306564303630663932336263
3837396336323234620a343736653331666230613235316337383865616238623237363766623862
63373033666130633864343833636634373636646565653737626238303034333532663531386164
36396335643962346136343235666630363266316231356364663133373934323232316532363238
38633036623037373836633564613532653935623738643233623938613366336363643361303763
33373430613861643435306536336564376565616431343539643533663563373933313336383336
65613963303935353363653132653462656566626265633137313662323766343731646233373861
66643338643661623266633265386164303138383432653363613037656333656365336265326366
66306137643130316161636636383639633132616538333134383263633331383362343664333038
38366366356339663431353636636339623866343464373463373336313266373464333133356435
35323765613233313161623232623030303939333636366333343837346666313139643836383662
39373361666363386466363432303534313862353761303864383138663466653038316565656431
63613335363530306438313265396231316436343861323765336435346234623239306530663937
36356438656430346133366534343033393130653066376330653735656166613961666232346561
66303466393365303064643266313765626633343566376366353664636230363633326131633537
36623136333463663033396530316331396530363635303665306461373737633763633137363466
37393239623839386132326666326566326537396239396463326334326139373265663032313732
63323832643038653233666534653038336336653464373236333537353037386535373035353030
36643361643939303934656333363238646337336639633566353039343735313935353234323630
62633966356338663635633764656532386564616234333763626539353264633534306334613136
31353235363166313030623361643832626362393566316465343037303062666163383636336466
61316136643961656665303130306331383065323665656565613966633166366263333738306335
36633737306638346162623764656362373762623065356638363166386463643432633863396563
36633266313464393265323865383161386336373338386534636261626539623430336632303238
66333630346639653838313535303632656230643561313261646331393730316630373161333430
34656436626230656336343339383762343238633938343062373863373361386138653830663136
37633035343439626435356463656435393438666337313035636435623435633062633261616631
38643165363065656366626565666462373230656661306263303961633663333031656434313236
30373562663263663038353433356538343835356664623633633266346232366632333564373866
36653164643264333766306637303862633037373733663636333565646138636466373033313238
31306262306661396566346661316563303837343535636461373134346338383330316330323936
33333863363330666332306262653661376133623866643135633561333463313930643339613638
33653762656235376665373839353633326638616333613264653636646134306132666461633035
36633836366638613534653136393639633262396432346265393931326662633030396533376663
65383236383264643330383063366237343530663761323037373462343134663661653938623431
38323633306636633836313563656430353464383162653736646462366430333736386261666363
346535623335383337653334373063306431
