$ANSIBLE_VAULT;1.1;AES256
64343165646330653031646565353965666232383831363364653832346332653535656563393531
3262393938303339393439646234326365336635643230630a353539636662376236643961626631
32656262616165306462623038313666353635346466336266666334653766373633376163316261
3430653036643830390a376433646438623961643336333538316663353730353764653231383439
32616634643936326632386166343763613733353534356535656161623364373366653330396232
38666237656663383938313235326562353939666163356534653863663433666363643837363062
31626337376330613766656332646463383962323362343739333937653466333866323930373363
35303133333833363031313337373837643165663362373163396336616330316130623332663165
39356330366263316535363364653536626461386166623061386162376633646566653034393764
34663833666365303637336135376563343063323233346332633763336463363833343436386130
33653964633132353832343066306433306530353763626663666336663564613865633432633734
36323536396665343233653939326435303336343564393939646532656661366364356238383865
32666333363230353938363265326238626230386365643262393964306230663830303063383132
35313538613532343461633239323464616666383965623632373261326266643962343864303565
36633264653364663637363937623539396430396661383830663261386165303837653533613138
34333263656531653936666136326634336264636132313364343833383231333037636233383038
64353539396361656436396435333563353334323934376134633735353936333032
