$ANSIBLE_VAULT;1.1;AES256
32336230386464376534363962666665303262623637383936373837346539326130353830376565
3733356438373537646236616535306461323165356233360a666331653836613231373764393933
37363931373934343732396461303933383966663636366563663639613631306537333635393037
3632363066336566370a336239656133626363623936356236316239613039653137313965663232
61626232383138383265613339336233373431333031313465663261343634353366386366636662
36363433353262326163376166323134363833393565306431663564393666343463623231363133
37616137373032626361363238353330353432643133393038326161633131346636616531633233
66633365333335653435343330326566623439623933663231356332303830653662396562613134
31386561656435326365363530316334303734316631633134613264623365366466306338623931
63306434343636363036643062363261333361376165393934363338323030303362356462623431
38323163303932323130623864383734613838333239366366323333373738346561663465626534
63333831666237336630643936646331343562383831383830666239366533333437666239323239
39346136386430653032376665313237373166363931626634373062386439326263333061343134
36396430656630333932346361376132623030366438666162656236366333643430663564663266
33333432623561393439363562646462613737313937636338616532356435356633646262343737
61363939353561346161613365653233633536363461306131633465313739616331646265656166
36303463343864633835323864383265663834363966663135383337626165643935396137323231
66666137663135666233653338373733313465373661633232646564643065303130333739613262
30613132326362646436386137323539613961653639636635353439316632303563353136303631
33376534323164663438336338313231653335343632396266356363306561393338613430626338
32316164383634333537336166353539666262343262336432623933326132366134353233643865
65333161393861633733306434623461323065363233393165326564643335343638373939643464
36393532373063663933613364373332323866303934646233326538656331663738366631353138
37373863616136636634393337333664393164653461353938363661656539363063373933666662
31623161353236656136353862653061613138333632316138623239326337303038656632373538
64343331653363383635616666303762626333353938333131623834636539653738303032343033
65663430303963653735373836353138633633656433623039633530373632303361363165623765
38333436306366343137623337346435366633303834646662326636653830343866396362383638
6534
