$ANSIBLE_VAULT;1.1;AES256
38396261633135663665376430386365633631333865623039326565336433396363303762646134
3437323932323537333335366561383434366432346665630a646562656330376363346135393039
32633864623632626338383831303536643535613533623633353736376630646438643531353139
6461323635363132390a323837323835616637656265323733383533613234633336336339363730
38623766353430303861303036656562313530336237373832373639396236653363326236326534
62383930343739356133633630616135343533663239643238366336663665333639376565623965
33626337666332366162326135643838326632323438383662386134316638663632616436316337
36616333363632323131636365363836626462396566356334666561656361643530623434323735
64366566623635316132373937353136643737303738393033643039393536373065333931383139
36363064393065326635643563663135326234393461363262373066343133383730613139336236
33313433326337326530666230316331326638303339313863306230613832396163353263343661
36396666393661316137626538313462303033313834353039323832653138303630363330323636
35396433393932363639353437613137343061393732373062383139383633653334306130633733
30353964623533656233316230373635666133643766643834636666376566373936313238373539
38643465666365336337336430336464316139383233313633303563613964326131623939376238
62333532346266393663386530366162623031623936306364653630336465656364306230303734
61313163633935333034313235353135653662383531383635323666333338353830663363653736
61663637373431356565653961613531333363386333323537616463353163633030643835386333
36303836306139306265373833333030643661333532663732343939643435373263383138323266
31616665373036353263326436303539326331383531333766353334366339633365336337326338
62326539336233646330373838666635343064653634343034326162633932333461653038363664
33333363653362383330313235623032666238656638366330646239336438393334613734373965
35333561326161653636366531616233386239336533336236343761323334623338323930343362
65663337396637323461636237373165353265336332383634313138393938386630373564313935
30636666373161336437666530616130656565336136303035363431666234303433
